4
2 1 3 4
54
70 29 21 28 15 8 8 28 44 9 34 63 92 78 45 37 35 55 53 32 65 88 20 36 72 62 70 81 26 44 11 41 81 14 79 87 96 42 2 89 47 1 72 42 35 53 30 39 85 36 90 75 55 
83
7 32 59 24 73 1 30 49 95 16 84 38 57 40 38 28 16 24 63 55 68 81 52 61 54 30 54 16 2 96 78 58 55 23 94 19 72 68 9 63 21 80 93 44 19 87 20 14 35 33 13 65 18 43 39 67 85 33 26 3 47 46 36 89 71 48 15 63 46 74 2 27 26 16 57 77 52 94 73 32 87 96 
15
100 45 20 44 23 62 52 13 80 38 69 55 67 68 
92
89 43 97 80 29 100 89 17 57 21 32 87 11 33 3 6 55 32 26 100 95 96 33 35 31 97 86 6 38 6 66 54 84 80 13 1 94 32 27 17 39 60 96 53 61 26 92 98 15 33 100 100 40 12 56 43 92 76 49 92 37 36 60 74 33 67 43 18 85 53 100 34 49 18 100 77 2 35 2 52 13 14 92 63 71 13 88 79 40 38 51 
91
87 46 19 4 2 66 63 38 2 52 39 95 66 86 95 34 60 72 88 28 96 57 21 94 64 96 4 60 19 79 1 59 74 71 50 13 88 41 32 97 97 33 84 37 29 25 54 64 78 37 46 63 43 76 96 92 79 9 78 44 74 27 3 85 97 5 38 72 87 62 38 59 2 56 85 11 52 67 40 32 12 13 13 73 4 60 48 85 56 88 
94
41 43 49 48 80 72 26 38 6 96 31 27 17 34 33 59 77 74 48 42 68 70 6 33 48 54 97 66 97 52 56 45 31 3 82 52 89 63 100 83 77 9 94 65 90 55 63 5 44 67 4 72 95 8 74 89 30 73 79 66 13 37 22 63 45 59 98 25 15 51 9 76 99 88 89 12 94 47 31 57 58 39 10 29 30 31 94 74 66 69 69 51 76 
69
47 87 54 17 41 28 90 30 57 31 92 23 68 85 38 36 77 59 86 62 44 9 19 57 97 87 85 18 100 82 62 14 12 98 45 15 87 84 6 81 38 65 90 40 13 55 61 4 57 60 97 4 84 29 37 23 1 69 57 28 8 10 40 94 88 15 11 88 
19
39 88 28 26 40 3 61 79 55 27 73 51 20 81 69 83 97 20 
14
76 32 37 72 97 48 5 75 94 67 62 39 91 
61
15 16 87 56 90 80 53 73 33 89 22 34 33 26 93 8 97 64 11 31 50 20 43 59 49 75 69 89 18 2 89 79 67 35 3 88 16 80 32 20 66 43 87 10 93 73 69 55 27 91 18 26 70 13 89 68 60 61 78 58 
73
12 38 9 49 27 79 17 96 53 44 65 10 6 87 62 82 79 40 81 30 89 61 22 84 88 85 59 51 45 65 90 5 33 66 26 96 47 34 67 86 15 21 35 78 4 7 40 63 9 3 23 23 8 20 27 52 11 13 67 66 27 66 76 33 97 4 63 36 34 82 33 55 
86
66 15 8 40 62 8 80 25 20 45 45 79 98 24 19 20 62 89 7 83 1 45 22 68 54 7 94 42 17 87 49 50 53 13 71 2 79 99 54 93 95 94 36 77 20 38 100 45 24 12 76 45 41 4 82 74 18 7 53 74 88 38 63 23 56 24 28 26 9 56 16 40 2 15 60 100 26 1 63 56 90 45 96 53 47 
66
68 11 37 66 61 50 31 74 62 89 20 40 37 96 89 29 10 93 47 71 14 55 80 84 81 15 57 91 91 71 67 14 77 7 55 45 26 1 34 50 64 60 60 74 17 81 75 39 57 46 44 55 18 2 62 99 8 88 62 75 46 71 97 13 55 
19
51 64 17 81 73 3 28 53 30 30 16 63 75 52 24 26 39 46 
22
49 75 67 79 70 71 44 36 77 93 26 57 41 11 30 97 53 75 4 90 42 
16
67 43 7 52 72 55 89 17 81 72 20 73 16 99 57 
25
40 2 66 58 98 83 62 49 12 95 34 57 2 35 8 76 38 33 30 88 10 6 27 33 
23
7 51 98 13 26 41 99 24 10 56 86 45 14 7 26 97 62 50 51 85 22 28 
4
18 86 58 
53
87 46 60 13 25 27 34 11 99 91 18 7 18 58 52 19 86 69 62 66 2 14 50 45 48 55 44 97 40 63 4 100 95 54 12 47 95 65 70 91 57 75 44 63 2 70 43 26 54 52 17 97 
30
95 62 15 60 19 98 90 96 83 33 5 1 19 35 68 100 76 45 8 44 96 11 88 75 96 96 54 52 76 
91
86 46 42 63 20 32 9 29 53 97 62 84 95 13 76 49 44 33 13 28 48 24 25 43 2 98 50 62 13 25 64 35 67 34 90 11 73 81 97 44 60 16 13 84 20 13 73 6 43 73 54 4 84 100 71 29 96 23 76 43 89 93 52 35 46 5 31 48 42 30 36 81 52 48 7 43 78 22 66 23 4 93 77 3 44 84 60 55 68 53 
40
54 96 79 20 74 96 91 22 32 47 80 84 79 45 78 76 16 26 70 60 82 73 56 86 75 40 61 91 42 12 88 76 59 96 51 29 36 29 21 
82
69 28 70 88 38 87 85 53 75 68 29 70 100 60 15 43 50 72 59 80 43 65 17 75 37 73 50 14 65 60 7 87 13 76 45 29 62 29 34 25 44 68 75 52 90 50 50 42 42 59 77 16 76 31 20 58 22 33 24 24 45 7 24 46 70 73 93 5 19 97 16 76 91 69 59 47 30 27 24 38 46 
6
56 70 59 50 32 
76
89 62 60 50 20 88 33 93 59 81 9 91 41 13 16 54 36 73 73 34 70 46 34 80 6 41 12 54 39 66 46 69 67 6 55 32 70 96 90 59 48 89 94 8 60 74 70 100 83 66 18 9 85 33 59 11 82 76 64 29 31 90 49 77 30 27 12 86 3 23 38 33 89 100 23 
86
41 12 41 49 80 21 66 9 83 50 40 3 82 7 76 98 85 43 14 69 39 73 40 37 64 64 45 37 14 76 81 67 14 94 18 66 95 62 32 17 43 62 8 24 98 21 53 9 44 9 41 36 66 82 59 60 27 57 72 18 7 23 55 75 40 94 44 9 77 4 69 61 71 37 84 3 2 56 3 22 56 12 85 70 36 
9
92 71 65 100 35 85 32 79 
46
72 16 50 88 32 88 45 40 13 74 79 79 27 18 70 13 10 29 76 94 88 19 61 3 31 87 2 41 40 1 22 57 72 100 7 73 83 9 3 82 26 92 95 30 17 
50
72 40 20 75 32 5 69 72 35 69 15 63 71 87 86 78 60 1 95 54 13 52 72 37 83 3 95 97 63 29 16 86 61 15 81 2 45 46 53 64 47 34 39 31 19 28 44 7 83 
30
39 32 19 65 37 82 77 86 93 57 97 59 68 27 23 15 100 50 52 4 9 46 29 53 100 62 61 77 40 
17
1 71 86 96 11 39 78 38 96 23 70 77 46 29 5 59 
92
84 25 27 54 20 68 53 36 19 73 23 83 70 89 14 80 25 92 65 47 98 21 12 38 47 61 91 97 70 60 47 93 77 52 37 30 62 54 71 78 4 42 16 7 66 67 60 34 99 55 94 52 55 56 32 21 62 3 32 76 71 92 44 70 54 90 53 91 53 20 63 81 47 72 8 90 18 83 25 68 10 57 73 90 10 34 69 82 15 18 69 
5
11 85 45 51 
88
22 77 84 41 81 44 58 100 6 99 59 33 36 35 69 46 53 21 93 59 100 13 45 59 1 64 17 27 56 33 20 19 44 79 26 31 13 12 77 52 28 17 48 75 54 60 83 70 48 54 64 84 93 3 86 21 64 82 76 79 80 70 80 30 33 93 5 87 52 14 25 3 38 62 87 70 62 22 4 18 53 92 77 60 81 91 36 
38
28 88 18 54 29 35 52 14 72 53 13 60 99 10 8 56 81 30 18 28 78 24 49 71 28 51 38 53 28 49 44 50 56 9 83 56 67 
87
48 67 61 25 41 95 81 44 20 92 8 13 79 21 49 50 54 45 9 48 28 83 59 61 15 8 92 40 10 91 91 72 60 96 41 75 23 27 51 45 74 94 20 75 79 10 16 36 39 99 77 61 27 100 25 27 3 33 24 7 13 8 20 81 72 45 31 98 21 13 28 51 34 27 59 73 65 47 81 30 48 34 59 71 54 37 
75
32 84 24 21 37 74 94 7 22 51 35 99 26 76 37 88 87 87 23 51 33 23 75 43 100 72 89 91 90 31 24 15 6 56 86 27 86 41 83 95 51 55 94 85 19 24 70 71 61 7 89 28 80 35 58 27 58 64 13 58 99 48 45 52 30 97 62 96 46 72 71 24 40 54 
89
14 5 76 76 78 30 16 42 32 35 26 58 19 4 56 26 51 4 66 12 15 69 81 41 30 37 58 43 62 14 45 29 17 76 46 76 40 60 63 37 25 88 88 84 37 14 68 91 10 83 17 20 66 33 58 46 40 51 90 11 38 71 75 29 39 92 80 50 45 9 76 38 71 93 17 11 57 85 44 77 52 79 1 93 24 84 72 46 
19
4 33 6 11 100 78 14 35 45 31 97 46 43 75 51 84 37 44 
33
82 59 7 27 4 95 53 48 73 100 85 17 33 52 55 21 65 70 8 12 5 55 23 46 90 48 32 18 22 3 38 70 
12
29 74 57 6 41 82 89 57 39 43 38 
64
79 92 35 81 95 6 94 29 14 12 13 85 91 70 91 89 13 72 99 43 4 77 97 43 88 64 43 49 76 48 98 36 2 83 89 34 45 96 40 96 75 25 37 100 88 66 31 27 14 52 88 64 74 36 41 78 4 11 63 49 67 54 28 
51
3 74 78 28 66 94 67 9 92 64 50 1 2 84 70 66 22 22 60 90 81 59 61 83 29 75 60 51 52 34 97 59 99 7 23 28 88 32 71 48 50 59 73 47 15 76 83 9 53 100 
32
37 76 69 6 78 95 40 67 81 87 15 84 84 71 67 36 25 94 29 15 2 2 51 22 91 90 45 50 69 87 32 
43
41 98 48 96 28 38 61 75 54 40 79 38 96 30 6 48 7 75 58 76 42 30 11 96 83 39 13 93 40 68 76 90 75 69 26 58 72 58 99 33 19 67 
56
55 45 55 11 19 59 45 11 34 48 52 85 92 66 54 58 41 61 76 54 92 67 56 92 60 99 19 14 81 82 100 35 30 59 60 44 98 56 95 100 12 81 47 19 25 13 12 41 65 45 55 58 62 39 75 
81
80 39 53 74 14 14 91 88 39 40 52 31 61 38 69 57 70 8 63 63 40 54 39 14 7 22 82 54 36 81 62 87 100 34 56 42 85 76 40 75 96 74 6 37 36 69 91 33 81 13 47 3 33 55 76 77 51 63 95 73 37 4 65 20 40 8 93 28 41 30 63 40 86 88 100 98 77 82 1 2 
89
88 77 63 27 36 11 53 90 52 71 86 82 21 80 82 69 24 22 38 47 95 57 82 76 87 5 49 31 96 87 86 9 74 32 1 70 47 85 51 56 18 51 98 46 98 23 19 90 26 73 81 30 51 68 54 64 90 61 100 100 64 89 30 2 50 52 47 68 70 84 68 88 100 69 85 94 37 90 3 48 2 68 41 7 11 26 60 94 
25
72 61 9 32 92 97 99 13 81 35 78 45 46 81 99 82 67 58 45 30 58 28 63 21 
1

66
18 10 73 60 51 32 42 13 41 75 66 41 41 34 28 63 23 38 21 29 44 97 80 35 80 100 53 68 62 25 63 43 26 16 39 30 27 64 8 72 72 26 96 96 8 97 95 40 76 15 47 99 84 48 43 66 35 27 53 89 46 41 41 97 19 
22
31 1 17 84 4 58 68 51 15 87 19 98 59 5 40 100 7 30 54 23 58 
41
69 91 48 73 54 98 93 21 11 19 40 26 29 33 31 95 14 41 73 58 38 78 88 4 37 47 96 51 63 86 24 49 34 65 80 89 3 14 70 76 
35
55 76 42 9 97 22 42 93 16 36 37 34 20 55 19 15 2 100 10 63 46 41 53 3 48 71 28 17 76 28 65 54 42 58 
70
42 42 75 28 7 25 50 8 83 88 26 99 79 76 82 39 41 22 73 16 12 36 27 100 23 21 83 87 82 89 94 57 59 44 88 21 16 42 13 6 100 91 71 100 93 6 86 26 98 47 84 73 12 53 67 67 93 96 87 17 63 95 68 98 26 53 23 21 5 
42
68 56 10 12 24 46 8 91 8 10 37 28 70 61 20 84 62 78 4 25 56 28 26 25 52 44 51 39 10 68 18 86 11 98 13 51 83 29 37 91 60 
52
71 89 59 20 40 77 98 1 76 12 6 68 31 70 30 96 51 78 43 69 18 4 50 28 12 17 47 48 79 94 34 64 87 94 79 94 63 70 42 60 32 38 85 17 53 46 70 78 18 88 16 
37
98 51 13 94 87 29 79 100 59 17 39 46 78 56 55 63 77 69 10 63 41 62 6 27 64 37 21 66 11 7 20 20 1 12 72 99 
91
87 77 25 29 39 97 50 79 94 45 42 91 37 34 69 42 56 15 53 94 52 49 23 7 10 47 38 36 30 51 65 52 31 68 27 92 64 49 15 31 44 74 21 5 99 98 63 48 69 21 52 25 58 35 63 13 54 21 75 95 77 90 30 5 54 80 50 45 29 20 67 82 19 67 18 74 9 62 77 51 28 5 52 33 23 8 56 50 74 30 
90
97 57 77 59 23 52 5 5 11 61 76 16 23 38 42 94 15 17 75 99 42 37 74 85 19 40 14 55 46 14 62 45 86 31 48 95 57 71 3 41 98 53 75 63 51 73 89 44 64 67 95 5 94 81 35 83 70 28 15 4 100 30 5 70 64 90 24 44 96 65 98 78 80 87 15 23 1 1 27 2 51 94 35 86 14 87 30 17 71 
71
53 31 52 95 11 30 52 54 3 56 4 69 47 4 79 45 18 70 54 81 75 2 63 66 20 91 86 95 98 61 58 82 22 47 19 52 100 96 33 36 6 72 52 63 4 79 11 34 15 26 25 81 51 81 42 11 92 52 72 90 10 57 26 64 61 57 89 93 21 10 
12
11 30 20 84 68 26 95 21 27 21 5 
11
50 6 83 57 86 41 25 34 67 72 
86
28 17 30 45 25 55 56 78 20 15 58 12 21 87 98 83 36 19 38 33 76 11 20 16 31 5 73 46 12 66 19 95 39 6 32 55 64 85 23 50 75 81 53 48 87 100 38 80 14 2 9 98 27 36 77 64 81 51 78 10 19 75 19 74 96 17 57 11 50 43 100 72 89 68 29 79 17 64 99 22 32 33 66 34 13 
5
89 10 78 61 
59
31 75 23 40 9 55 5 76 60 34 66 69 64 63 96 13 46 84 50 66 17 28 90 21 99 21 79 68 39 87 5 36 71 75 17 82 25 31 47 41 72 76 69 72 16 89 50 84 41 4 2 86 40 30 55 98 71 48 
61
94 79 27 46 44 19 87 46 77 54 96 53 21 61 41 12 59 18 50 37 36 44 63 17 74 41 54 64 77 76 29 36 11 86 11 9 1 11 89 73 58 24 15 58 98 72 69 68 69 100 51 65 76 19 28 62 80 2 74 16 
15
99 9 62 60 60 7 13 6 6 27 42 51 7 40 
58
73 93 7 20 78 92 91 34 28 49 65 85 47 8 25 7 18 7 72 13 83 32 74 6 11 17 93 5 21 70 82 14 62 39 12 60 61 63 23 37 68 76 87 15 55 51 61 25 11 26 77 73 89 72 60 28 76 
9
52 63 97 58 78 45 30 76 
75
65 92 16 27 33 16 22 77 22 80 54 99 91 67 94 20 36 83 86 75 20 86 32 7 59 69 79 83 31 55 86 69 81 10 61 38 39 45 32 60 57 34 83 38 80 4 76 10 8 3 83 80 45 67 22 71 49 67 49 50 53 67 78 69 75 87 40 48 1 41 37 71 45 57 
68
10 36 28 52 59 9 23 74 34 64 96 73 64 98 45 52 19 78 76 40 24 16 60 2 74 25 73 87 47 28 25 78 1 92 89 90 22 33 10 45 47 31 37 60 45 53 97 7 85 74 44 19 62 94 63 95 92 83 26 88 35 21 10 53 17 79 25 
45
92 22 99 10 55 96 63 14 83 70 10 72 37 70 77 13 78 68 33 7 65 69 34 93 93 20 85 33 26 89 83 59 41 95 60 26 51 71 100 52 17 81 8 5 
54
85 37 72 45 82 70 61 50 9 47 50 78 34 20 29 21 7 30 90 8 17 92 85 55 26 90 78 32 35 42 71 73 3 95 65 10 57 7 51 27 59 95 19 60 78 20 90 14 16 48 55 77 95 
27
47 6 99 87 79 48 87 34 1 85 73 7 20 26 20 42 3 63 29 28 16 51 16 86 1 44 
24
100 86 41 49 65 44 37 82 65 1 28 74 3 33 43 98 13 77 88 83 41 54 54 
33
41 12 66 57 20 16 7 35 66 70 28 12 34 75 71 33 75 70 76 43 97 37 18 14 65 67 29 67 98 36 85 7 
77
96 62 20 24 23 57 82 74 81 45 58 30 45 21 38 57 39 5 18 69 59 79 85 67 40 93 35 43 56 32 81 34 76 39 69 29 20 3 92 68 45 37 77 49 62 22 76 27 40 99 3 33 72 14 100 3 66 95 99 70 24 58 53 87 16 99 45 98 33 48 54 40 75 23 69 51 
2
39 
56
20 65 49 79 2 63 2 46 41 2 60 80 73 50 56 10 28 96 25 71 65 99 82 82 66 3 32 9 97 45 56 13 86 86 24 5 92 15 80 72 97 87 15 45 11 15 37 69 97 83 35 43 25 18 21 
90
39 48 64 21 77 6 48 79 92 66 95 86 48 15 75 16 72 55 100 6 8 39 74 41 86 3 90 38 6 66 38 18 61 84 26 37 81 6 48 10 51 86 11 36 12 89 8 52 76 84 29 83 20 74 62 66 99 94 25 78 68 83 97 65 26 1 2 70 67 2 47 31 61 14 60 85 66 63 50 44 42 12 52 45 3 79 87 12 92 
17
81 30 39 16 85 27 100 80 14 43 57 83 26 21 99 6 
37
37 80 1 38 50 83 93 29 39 81 47 90 76 70 87 73 3 11 47 47 28 72 17 91 24 37 48 56 25 61 66 10 6 100 73 28 
28
58 67 93 54 38 11 73 13 15 38 26 55 40 62 86 53 11 64 72 26 61 96 34 45 92 57 93 
58
64 14 99 58 10 64 88 93 94 100 60 11 64 24 35 85 18 82 59 16 36 93 34 72 16 58 12 51 50 24 67 64 46 63 23 18 33 98 25 68 70 89 66 51 34 18 73 73 33 98 85 28 78 27 64 66 17 
43
33 3 77 3 91 41 17 65 29 82 34 71 97 3 80 49 96 72 91 80 84 8 6 8 37 54 55 11 20 88 50 23 97 55 95 46 63 20 49 100 37 81 
4
69 63 3 
41
23 13 46 85 58 87 25 23 6 15 28 98 9 34 63 62 78 65 93 14 93 55 5 10 16 91 80 49 65 64 15 2 56 70 70 10 16 75 5 38 
29
70 41 87 37 16 62 37 87 17 97 52 35 16 53 68 64 21 66 24 54 7 31 77 32 79 39 48 41 
15
70 1 13 50 82 50 34 11 66 19 4 93 37 83 
22
30 90 27 37 22 59 33 82 45 56 80 3 7 37 62 38 80 58 98 34 61 
66
35 22 9 34 88 79 55 51 58 16 60 27 83 60 40 71 28 83 38 37 21 25 79 17 60 35 85 16 75 100 92 69 34 43 6 38 24 5 26 34 13 70 74 49 4 59 83 11 77 10 17 70 14 21 78 53 70 76 87 37 50 58 30 31 91 
94
38 26 36 74 16 11 32 24 82 54 54 66 13 14 33 35 22 92 66 56 77 20 100 25 82 24 34 93 17 85 30 59 16 95 66 50 93 69 83 1 97 53 30 19 83 45 26 50 34 17 89 58 7 83 10 69 37 25 43 57 17 58 60 74 88 48 91 100 82 88 46 14 14 98 26 52 72 26 41 3 9 12 86 99 21 4 4 46 65 1 52 74 87 
75
35 58 15 69 84 25 3 44 21 28 27 58 3 11 45 15 6 57 75 78 3 47 66 6 6 46 49 23 75 36 75 50 96 88 29 87 19 65 59 74 20 61 8 40 26 2 33 92 38 65 98 1 75 10 11 42 20 14 50 39 87 70 84 65 64 29 1 41 66 64 83 77 39 81 
70
100 81 42 82 100 95 67 93 76 42 99 48 54 66 13 31 45 97 45 43 28 41 91 80 51 31 66 31 14 90 50 33 7 98 46 64 10 91 51 6 80 41 95 60 20 49 97 33 14 11 29 35 37 81 78 53 78 16 55 45 3 34 43 88 36 32 4 80 89 
85
65 29 59 74 82 56 8 83 32 3 29 38 26 73 26 51 44 13 29 92 46 32 98 13 23 72 79 38 2 50 62 20 72 96 47 10 44 67 80 5 79 62 86 82 12 88 18 34 31 63 92 90 96 50 75 85 7 24 69 6 5 85 55 86 90 76 20 49 40 82 30 64 78 38 90 15 30 37 34 96 64 80 96 12 
97
84 4 56 99 61 52 23 5 22 16 26 21 52 61 24 64 12 78 91 29 34 28 6 98 4 21 20 27 80 84 25 9 73 23 52 54 71 55 9 70 20 91 60 57 41 2 1 42 30 70 65 12 59 29 93 98 92 87 2 52 86 8 25 63 86 28 75 50 17 75 48 35 32 86 28 76 74 19 10 75 96 84 20 30 96 67 42 83 30 73 54 59 62 100 44 29 
10
37 15 49 3 30 92 42 29 4 
82
41 49 33 13 99 93 23 31 40 70 96 87 13 5 41 72 87 82 5 42 73 26 8 7 100 74 75 57 29 12 74 26 35 42 43 8 85 98 88 93 50 44 80 94 47 62 86 32 97 55 74 83 72 37 84 3 71 82 83 59 77 69 18 12 59 38 25 22 43 42 38 84 24 27 25 62 15 100 97 62 69 
