3 3
1 2
2 3
3 1
3

3 3
1 2
2 3
3 1
2

4 4
1 2
2 3
3 4
4 1
3

4 3
1 2
2 3
3 4
2

5 5
1 2
1 3
2 4
3 4
4 5
3

5 6
1 2
1 3
2 3
2 4
3 5
4 5
3

6 7
1 2
1 3
2 4
3 4
4 5
5 6
6 1
3

6 6
1 2
2 3
3 4
4 5
5 6
6 1
2

7 6
1 2
2 3
3 4
4 5
5 6
6 7
3

7 8
1 2
2 3
3 4
4 5
5 6
6 7
7 1
2 6
4

8 9
1 2
2 3
3 4
4 5
5 6
6 7
7 8
8 1
2 5
3

4 6
1 2
1 3
1 4
2 3
2 4
3 4
4

5 4
1 2
2 3
3 4
4 5
2

6 5
1 2
2 3
3 4
4 5
5 6
3

7 7
1 2
2 3
3 4
4 5
5 6
6 7
7 1
3

8 10
1 2
2 3
3 4
4 5
5 6
6 7
7 8
8 1
2 5
3 6
4

9 12
1 2
2 3
3 4
4 5
5 6
6 7
7 8
8 9
9 1
1 5
2 7
3

10 15
1 2
1 3
2 4
3 4
4 5
5 6
6 7
7 8
8 9
9 10
2 6
3 7
4 8
5 9
6 10
4

5 7
1 2
1 3
1 4
1 5
2 3
3 4
4 5
3

6 9
1 2
1 3
2 4
3 4
4 5
5 6
6 1
2 5
3 6
4